總共6556步

  4  11  16  25  20  14  11   3   5   2   3   5   4   8   9   4   2   5   9   3 
  9  19  25  33  42  26  11   9  11   7  12   6  11  15  15   8   8  10  10   9 
  8  16  21  27  26  21  17  15  11  17   8  10   8  10   9  12   8  13  18   9 
  5   7  16  13  14  12  16  11  15  11  18   7  15   5   4   9  10  14  13   7 
  3  12  10  13  13  12  10  15  12  15  13  12  12   9   7  21  15  13   8   4 
  5  15  22  19  18  16  14  14  11  15  15  11  10  17  19  14  19  16  15   4 
 12  23  23  23  15  13  14  14  14  12  13  10  15  23  20  22  21  22  24  10 
 23  29  28  20  19  16   9  10  12   8   7  16  15  18  20  17  24  20  21   8 
 17  30  24  21  24  12  16  17   9  12   9  10  15  20  17  20  17  20  23  18 
 18  23  23  25  22  18  18  15  22  23  15  14   7  12  11  18  26  28  32  17 
 18  25  22  25  24  22  17  21  20  18  17  15  14  12  11  17  24  31  28  22 
 20  26  32  36  34  32  24  22  24  16  24  20  16  12  10  11  19  28  20  13 
 20  37  33  41  35  29  26  19  20  25  21  20   7  16   7  13  20  20  26  10 
 19  34  42  45  32  30  34  25  19  16  12  13  13  11  12  19  14  10  26  17 
 22  30  32  44  28  26  39  21  11   9  10  12  11  10  12   8  13   7  15  12 
 21  40  29  30  32  24  33  28  11   8   7   6  10  12   9  13  10  13   7   2 
 31  44  41  31  26  34  31  24  21   9   8  12  10   9  12   8  10  11   7   5 
 28  41  30  27  22  17  23  24  17  15  14  12  12  11   7   9   7  11   7   6 
 25  38  33  19  25   8  16  19  15  20  14  12  13   9   6   4   3   6  13   6 
 14  17  18  16  14  13   8   7  12  13  14   8   5   4   1   1   1   1   5   6 
